"X" "Y"
-7.3449133 -0.191631932217152
-6.278761 0.23853914908557
-4.27146636 -0.222033228967209
-0.9179221 1.28977428645567
-7.98318068 -0.882297411025696
-1.0161031503 1.11785074556936
-0.55324731 2.02827261987905
-3.39202207 -0.426943611548093
-3.70885956 -0.376624358102671
-9.38213729 -3.98884878074625
-7.94025425 -0.823473023200719
-8.23443247 -1.26579396538706
-3.12977153 -0.439590262826881
-6.15896281 0.243729966531836
-2.3015858 -0.24124403072464
-5.02300757 0.0312795160285484
-2.8238149 -0.413175572082146
-0.080939051 3.23789992488201
-6.1996482 0.242753649993629
-2.225547786 -0.200738466434867
-0.652947688 1.81023489639081
-7.87857478 -0.742252673920341
-3.48326233 -0.416007312446981
-8.7444490403 -2.2663011582783
-7.3277933 -0.178183353168759
-6.13885907 0.243922600465647
-9.86609666 -5.69177938499975
-6.176120429 0.243414742168389
-1.303091542 0.67645354985731
-6.59651003 0.187938770374869
-5.1791988452 0.0798487757841748
-4.00434174 -0.303337341281253
-5.06458692 0.0445417764129115
-8.13782398 -1.11026140412557
-1.726266813 0.17925015641038
-3.31533261 -0.433649599941428
-2.05760139 -0.0957109082557122
-8.92056374 -2.68676137225716
-2.76289053 -0.401894226527266
-5.8872557 0.231228828670194
-1.790537 0.118498127431377
-3.529398 -0.409324076180595
-2.17067237 -0.168819953676303
-4.4696368 -0.156115120976778
-4.702804198 -0.0760840268512863
-2.1064376 -0.128519258601202
-9.76668797 -5.31209954381121
-5.227699349 0.0941534631161485
-2.67686261 -0.382262297269182
-3.072684 -0.438261040192719
-5.22380377 0.0930199123404183
-1.38790523 0.56268281351336
-5.6190289 0.190787560629444
-7.5520272 -0.374306691959209
-9.29320952 -3.71451374894529
-9.00533839 -2.90375952486097
-6.83728292 0.109246573706667
-4.81365736 -0.0381688999816046
-3.3799492 -0.42815407990582
-5.93169812 0.235396882777696
-0.87124075 1.37540919985777
-7.063966 -0.000944173395165393
-5.40934273 0.143618803447055
-6.67605325 0.166053465409222
-3.49129532 -0.414897772056085
-7.41983219 -0.253403159085046
-5.21454751 0.0903154726497446
-2.3368932 -0.258616133542553
-9.15753085 -3.31791484431429
-1.246786699 0.756088773767976
-6.6092706 0.184691031611164
-1.605596498 0.303480622957785
-6.5331651 0.202607811568393
-6.6622506 0.170133797858513
-5.23648754 0.09670047090178
-1.078016641 1.01503317952793
-1.356605293 0.603812953477553
-6.100104565 0.243764812737064
-2.22679301 -0.201436354097341
-0.3938200278 2.40328289530992
-5.65340515 0.19731987781501
-2.8748532 -0.4210114693307
-6.000056311 0.240250358756294
-6.7464784812 0.143340216672289
-2.42912851 -0.29982453770754
-7.9730774 -0.868280988759448
-2.8887877 -0.422900882444937
-8.78308078 -2.35508522541861
-7.54511 -0.367594458780484
-8.5669562 -1.88257246572722
-7.6037058 -0.425831190537931
-9.41065622 -4.07928481609513
-3.577117414 -0.401639371713352
-1.2373078 0.769822489788121
-2.21085322 -0.192414869696263
-2.026911741 -0.0741168000349691
-5.4472554 0.153009626599006
-5.8991591 0.232421407672996
-1.89129757 0.0305817585108272
-3.95066709 -0.318165405755743
-3.4527607 -0.420007787752551
-6.46802728 0.215230660678419
-7.297398541 -0.154908990886607
-0.0731593882 3.26037965764825
-3.66506735 -0.385531435698956
-7.86791864 -0.72861045216807
-8.70627651 -2.18044225080448
-5.21881965 0.0915655986150208
-0.759255301 1.59130388106469
-4.01239 -0.301063750374936
-0.23829305 2.80141867928849
-2.68207 -0.383576983275832
-6.4327308 0.221058128164685
-5.68526309 0.203041552978435
-8.51788439 -1.78333989564404
-9.86922424 -5.70398361023894
-2.8443393 -0.416501018938777
-8.96815764 -2.80739867497991
-5.5371565 0.173804876430989
-3.5989895 -0.3978638431368
-0.081613799 3.23595424824484
-5.04406422 0.0380229503372647
-5.156504756 0.0730177750322634
-8.26557665 -1.31814245788077
-2.45179055 -0.30904583674599
-5.4610451 0.156336702686668
-4.88830216 -0.012986803632371
-7.92454886 -0.802424587491256
-7.7134185 -0.543424119409366
-4.042880036 -0.292337362350038
-4.25127801 -0.228537126284386
-9.22935619 -3.52459722812878
-9.6445942 -4.86728690546671
-3.572045 -0.402492525592116
-0.713848 1.68312741632033
-4.0190757 -0.299165471325074
-4.39099251 -0.182657653391224
-4.73972276 -0.0634090315788693
-0.149047761 3.04474067833095
-4.92358177 -0.001226905160717
-3.17211921 -0.439585420042323
-3.9845878 -0.308863198282719
-7.61131322 -0.433622594501834
-7.4183407 -0.252126541683229
-2.7069037 -0.389620522274335
-5.47429168 0.159487038339082
-8.2487323 -1.28969464760737
-2.5330173 -0.339254923972247
-8.95012359 -2.76133068952497
-1.3545505 0.606547936063009
-3.8535502 -0.343394618743067
-4.42840461 -0.170081313802245
-6.712226809 0.154785776731536
-5.46868554 0.158159285055792
-4.99559027 0.0224203238226748
-8.191336388 -1.19514112432214
-4.703693 -0.0757785029465543
-9.24724254 -3.5772061609958
-7.22244067 -0.100753707395008
-7.873004 -0.735106608393917
-7.15209519 -0.0540348770290926
-1.04905897 1.06258964609469
-5.5376467 0.173912291617645
-2.2001511 -0.186250259805006
-1.1938096 0.834067909611378
-5.8687579 0.229266749210053
-9.36191519 -3.92544937816098
-6.64512508 0.17503008011359
-2.7627405 -0.401863802920095
-6.623846665 0.180859250244797
-3.69585877 -0.379327697833664
-1.593854459 0.316293156299969
-1.4386833 0.498058339123789
-6.08640718 0.243545082643234
-6.19506114 0.24290347110534
-1.0455457 1.0684228860467
-3.55684237 -0.404998250999526
-2.58921351 -0.357617569029413
-3.9469655 -0.319165821761125
-0.96918388 1.19863846112819
-7.062698449 -0.000223767521678297
-8.0873989 -1.03312802541689
-1.135490566 0.92338641962335
-4.96660514 0.01296421906898
-1.2294245 0.781316719550427
-8.10806377 -1.06440662249964
-2.4189694 -0.295576459301771
-2.75501107 -0.400278620515314
-0.562751817 2.0069475573034
-4.52353412 -0.137727044956577
-2.88256132 -0.42206973606268
-6.110949 0.243878423647047
-8.99126873 -2.86707568976639
-0.72697911 1.65631623111709
-7.16767499 -0.0640450928056389
-4.0942684 -0.277244329553778
-8.89639395 -2.62665340143764
-1.59492967 0.315114501646369
-6.82036315 0.116019178227319
-2.1714866 -0.169310310289419
-7.3249179 -0.17594864392467
-7.813547151 -0.660768232703262
-4.8320316 -0.03193722907017
-7.310494 -0.164842600242025
-8.18831672 -1.19026773231742
-4.81423862 -0.0379714741690993
-4.37217064 -0.188944912443611
-8.70843145 -2.1852400122669
-7.436323959 -0.267647364861848
-2.82064724 -0.412641232600609
-0.385900635 2.4227749212338
-8.99859153 -2.88613497447852
-2.3677731 -0.273078182959172
-0.52033645 2.1030018966147
-1.81365311 0.0975457868549954
-6.91707669 0.0746468216999894
-3.5042053 -0.413066445634595
-0.466445488 2.22836843290961
-0.462673499 2.23728365762477
-6.600207965 0.187007813369158
-7.37525889 -0.21607623142727
-8.345460668 -1.45743386051072
-6.778319433 0.132011623212488
-4.8987479 -0.00949424056970738
-0.76031528 1.58919017573324
-4.890403 -0.0122836927290297
-7.42378739 -0.256797858388399
-9.53539113 -4.48909502585161
-5.82143741 0.223657265008525
-1.45998497 0.471713895273721
-6.52769322 0.203763046515038
-8.68557679 -2.1346548091649
-6.2551313 0.240124864433549
-3.68579771 -0.381385779845366
-6.09921066 0.243753061370311
-3.10372151 -0.439176835845315
-3.10586587 -0.439223024052641
-4.4509937 -0.162442342574282
-5.703755922 0.206212225241034
-5.472799371 0.159134395118823
-6.935567411 0.0659916905139895
-4.21646055 -0.239636990161652
-0.896296957 1.32912947523496
-8.57395917 -1.89697255756051
-5.8495237 0.227087987373846
-7.890742493 -0.757969816421479
-5.712496291 0.207671561926107
-8.67310024 -2.10731725108733
-5.399035541 0.141005598429089
-0.5704294075 1.98980507189057
-2.38026138 -0.278735184411079
-0.67090171 1.77228793646899
-5.29321502 0.112787396876069
-3.96411932 -0.314505139655177
-5.15010319 0.0710757635681798
-8.91193683 -2.66521811357466
-7.52273167 -0.346174644688329
-5.014854692 0.0286541926477568
-6.271332919 0.239068079918647
-0.653086297 1.80994041043231
-4.760139 -0.0564168905596265
-6.82855328 0.11276517003839
-7.2203397 -0.0993013839897543
-2.1245949 -0.140236768032173
-2.9753748 -0.432306842736993
-8.34972361 -1.46507215170285
-9.35542461 -3.90522773564042
-2.452943783 -0.309505727896584
-3.7958996 -0.357299975653911
-8.30423233 -1.3846376403139
-9.37785947 -3.97538698649676
-8.90970731 -2.65966659434031
-6.182836482 0.24325316306321
-8.30689085 -1.38927313372376
-7.013474 0.0268231803426282
-8.07790464 -1.01891094433583
-7.42829978 -0.260687315879618
-8.18768177 -1.18924427672999
-5.2268629 0.0939103031237094
-2.29262957 -0.236693896996316
-9.722128775 -5.14703909032233
-4.72689223 -0.0678100329459088
-1.1968093 0.829572711254445
-6.26936628 0.239203428998271
-9.52040868 -4.43863211642888
-8.61371753 -1.97986658077563
-6.78507879 0.129520374342523
-8.45168388 -1.65406108134716
-8.67771827 -2.11741311279669
-7.78694072 -0.628635492771025
-7.736192 -0.569260643250015
-8.6858346 -2.13522176218557
-0.184365396 2.94713282085902
-6.72986273 0.148987695243335
-4.93060502 0.00110150607251391
-3.18557485 -0.439411582423906
-9.00830896 -2.91153899858941
-8.81097441 -2.42038431411933
-9.4956034 -4.35583248107778
-0.707460802 1.69624482728295
-3.26287767 -0.436851338132127
-9.05142144 -3.02579666669639
-5.074038791 0.0475255187400849
-5.3844815 0.137273062808489
-6.2478346 0.240557691104835
-0.089007804 3.21467541303316
-8.23649286 -1.26922358781453
-1.865647914 0.0521266171880791
-9.31553362 -3.78229824601112
-5.99550253 0.239987355171555
-8.58855674 -1.92718216099891
-8.0669013 -1.00255457052027
-1.586482832 0.324403474005216
-2.80086011 -0.409174684826717
-7.3278791 -0.178250141463632
-5.0499835517 0.0399087170723771
-9.16886102 -3.35003413473078
-6.461157593 0.216419898624743
-0.307911946 2.61918051145554
-3.7528581 -0.367116881384161
-3.3538175 -0.430578050380256
-6.875103435 0.093398735934116
-5.94310387 0.236339788283464
-0.039226284 3.35943715331567
-1.44917643 0.485024944223452
-0.464516039 2.23292644558323
-1.87694907 0.0425644529560235
-2.178178841 -0.173321356096512
-7.32121871 -0.173083845470924
-2.378484704 -0.277937070917418
-0.136884108 3.07875976169923
-7.0639445097 -0.000931949412876776
-6.00648893 0.240606929681093
-1.87868476 0.0411055690807049
-9.2284833 -3.5220414967699
-6.363031901 0.230539728349559
-5.574075328 0.181704559708573
-8.43285867 -1.61825041717005
-4.17794729 -0.25172892656077
-0.298378211 2.64374869236018
-0.105001665 3.16891176375436
-8.23547963 -1.26753642294407
-4.5786957559 -0.118799634755791
-6.156961 0.243757660440199
-3.23835949 -0.437946982797581
-7.307062 -0.162225510028112
-5.307490576 0.116734982352176
-8.28199917 -1.34618561055079
-6.30810537 0.236173593651854
-2.74594 -0.398373660793493
-5.13850895 0.067541981060204
-9.36197533 -3.92563703546379
-2.1545377 -0.158998009142739
-5.81678364 0.223060647307744
-0.189819152 2.9322144433018
-7.17116044 -0.0663105964118031
-1.5211785 0.398517121644668
-9.17760769 -3.37495314519652
-1.13541249 0.923508465198667
-5.28069269 0.109290515630018
-8.90899036 -2.65788278580291
-6.6672201547 0.168678537806342
-1.6258343 0.281702556162742
-7.2315015 -0.107057746513135
-4.1296485 -0.266590425669686
-1.6326773026 0.274425636379028
-9.28845976 -3.70018475254859
-2.97221256 -0.43203275869573
-3.0117546 -0.435090589252164
-5.360376 0.130983558748534
-5.630688895 0.193044180144801
-4.37823212 -0.186923247830626
-0.715167736 1.68042327571641
-7.69533585 -0.523262356194348
-7.78186245 -0.622581294948276
-5.79784106 0.220550769240766
-6.66479194 0.16939154592083
-1.351924496 0.610049488655459
-8.2280546 -1.25520772661362
-5.0668127 0.0452454768248236
-5.7028663 0.206062269436929
-4.35736157 -0.193871154340561
-3.4383768 -0.421775828699858
-0.214459372 2.86532467552217
-7.67838851 -0.504648316057221
-7.5918840384 -0.413829245923974
-2.0316391 -0.0774926946746041
-1.683282849 0.221962646777626
-8.86492293 -2.54954536422254
-0.3668798366 2.46992979152194
-8.526771 -1.80109407330678
-8.56373057 -1.87595979386772
-0.747700647 1.61443297580128
-4.9296439 0.000783127989822496
-8.4514898 -1.65368975046815
-6.516979478 0.205974132809214
-3.40178974 -0.425922900330647
-6.882276255 0.0902815488615119
-6.4842659 0.21231274965891
-8.52154293 -1.7906375988283
-3.4112239 -0.424902203778778
-8.1493003 -1.12820097112692
-0.456218631 2.25258280370422
-1.021515 1.10869241224513
-0.563029455 2.00632634818567
-2.76309248 -0.401935157929662
-6.29642934 0.237167880747565
-2.189824597 -0.180219721388559
-9.88850491 -5.77957069079135
-0.596912878 1.93124395174753
-0.062507737 3.29129745252238
-6.42594254 0.222098862605781
-2.52364936 -0.335994347090585
-2.07090976 -0.104839656057406
-2.941409936 -0.429090478441132
-5.2417496 0.098218686089016
-5.0534547 0.0410124727475694
-6.91947551 0.0735376833000529
-3.0498775 -0.437289717592154
-1.772066943 0.135579089241062
-5.65282359 0.197212427612317
-4.852673471 -0.0249606694576894
-3.36989 -0.429119109094759
-8.56833413 -1.88540114780326
-6.55512606 0.197793613411759
-5.9423641 0.236280225046325
-9.14688994 -3.28791361031367
-0.674280717 1.76519069006232
-1.616159332 0.292065863764082
-1.205667038 0.816355097613363
-0.642875323 1.83169819677278
-9.275393665 -3.66093520476098
-6.21240559 0.242283246686606
-4.62135077 -0.104121459781726
-8.94949861 -2.75974199807845
-1.983122944 -0.0419798190309369
-2.6035825 -0.361987604125287
-9.478509866 -4.29931514478295
-5.1783042 0.0795810958480141
-0.79482159 1.52111860324048
-9.58471571 -4.65764510956155
-7.060082 0.00125945233607183
-4.99149512 0.0210897868788944
-3.90251 -0.330945803050293
-7.3575095 -0.20168408833888
-5.7690139 0.216484082566692
-6.3343638367 0.233678547435614
-0.574946776 1.97975354859838
-8.76276434 -2.30815526530608
-9.2996732 -3.7340656794494
-0.35682962 2.49503930239819
-5.5748989 0.181876327967414
-6.29727619 0.237098132810296
-8.29756419 -1.37304622133694
-9.4580957 -4.23239410918404
-3.4217193 -0.423726787359034
-4.21838083 -0.239028833349568
-0.12898236 3.10097010157767
-3.9620759 -0.315063606065793
-9.35050081 -3.88992863575299
-8.37890918 -1.51793048857293
-5.2460207 0.0994471808526436
-9.980671652 -6.14931221746552
-5.585408569 0.18405090778823
-7.39070262 -0.228816639883295
-0.61586254 1.88988288655953
-2.841667162 -0.416081429790874
-8.36914521 -1.50013706127181
-5.238119815 0.0971719682563812
-3.0974327 -0.439028713496852
-5.3910482 0.138963289454049
-0.4485326167 2.27087062141929
-2.87459877 -0.420975983384518
-6.0285206 0.241694493244022
-8.82279387 -2.44835751917573
-7.59883726 -0.420872885940959
-1.363694334 0.594410300118032
-5.64023598 0.19486072175841
-5.02131948 0.0307365756892928
-3.0807232 -0.43854287644407
-2.39686718 -0.286087888431347
-8.44598777 -1.64318133586778
-1.505429 0.417006332573268
-0.531821809 2.07676567322651
-4.115808096 -0.270782518894797
-4.97749184 0.0165263142715792
-8.10220082 -1.05548574500573
-9.98163141 -6.15323618315275
-1.224219377 0.788942121720559
-8.65888662 -2.07641126799815
-9.77258775 -5.33419061071137
-0.608632939 1.9056097176491
-7.070512771 -0.00468427931125248
-8.3567342 -1.477679215059
-6.008974441 0.240740002796489
-5.40424587 0.142329739954434
-5.6596915 0.198474543090073
-4.8299017 -0.0326585919895583
-1.53754247 0.379561117542387
-9.44835713 -4.20068944215695
-4.45822938 -0.159988955126983
-3.11724762 -0.439431572933658
-3.41942446 -0.42398736735519
-3.3665727 -0.429428617217396
-5.277657974 0.108438340073126
-0.304718338 2.6273967150116
-5.978029372 0.23889736932836
-1.50447896 0.418129349862641
-2.43355092 -0.301651625295571
-4.6739878 -0.0859967864980797
-1.25850339 0.739243651346027
-5.3288488 0.122561859303321
-9.91871544 -5.89922681785289
-2.72232995 -0.393187888002871
-2.834105 -0.414872354493873
-8.12573628 -1.09152093627208
-3.5393272 -0.407788676708973
-4.5802072 -0.118279971327421
-6.6467924 0.174561439912118
-3.620912767 -0.393924274395813
-1.7079893 0.197206422290426
-2.910248015 -0.425604438032961
-6.51449649 0.206476996612999
-8.71672125 -2.20375119610809
-6.11921511 0.243928931831384
-0.71822451 1.67416809728351
-1.9560922 -0.0213533665341416
-2.41303192 -0.293060725112554
-0.42750111 2.32130587418033
-0.060861213 3.29609109058114
-3.93559 -0.322221718035214
-9.70622834 -5.08889969406437
-6.6355464 0.177688876483289
-7.22341913 -0.101431289784824
-8.82802449 -2.46079479703603
-9.5678174 -4.59948174642029
-6.296902 0.237128997244772
-6.631216912 0.178871942270584
-8.26347446 -1.3145747176335
-3.7822672 -0.360462974447215
-6.02156372 0.241373550109628
-0.443242313 2.28350286278595
-3.46650556 -0.418247001483595
-6.71256283 0.154677181963002
-8.0285328649 -0.94652620180204
-8.84657675 -2.5051954601873
-0.040345212 3.35614460500593
-6.20723274 0.24248353607727
-4.380119072 -0.186293287184067
-2.6728198 -0.381230226993707
-1.29194447 0.691956826094399
-4.27829 -0.21982425241954
-9.88963929 -5.78403672703597
-0.936847387 1.2557763318936
-2.293463684 -0.23712012794799
-6.174953 0.243440629180164
-9.05954111 -3.04759997573461
-9.50346416 -4.3819708608518
-1.788376818 0.120480214763206
-1.7067569 0.198428090768316
-3.45267124 -0.42001902072816
-8.6717218 -2.10430890924747
-6.581900988 0.191535441123248
-2.68628421 -0.38462884933478
-0.927085 1.27326218850431
-3.03803 -0.436683975747604
-7.5842077 -0.406104591739247
-3.55892771 -0.404659117876584
-7.1924978 -0.0803884521682505
-0.423634792 2.33064052306255
-8.4160404 -1.58661084091567
-5.81661 0.223038232988419
-7.479902 -0.306427517328679
-9.05609732 -3.03834150545874
-1.722822303 0.18261094377576
-4.74694496 -0.0609339569718887
-3.32252372 -0.433121426650981
-5.9172224 0.234125031583298
-1.57410096 0.338142172766726
-2.6269453 -0.36881451182781
-6.51775598 0.205816134763017
-0.510618225 2.12533327145088
-3.5332081 -0.408738906566601
-9.64722233 -4.87661555546775
-4.03551544 -0.294461263288103
-5.8468199 0.226770511909494
-9.23102961 -3.52949986688294
-4.7195112 -0.0703438683474245
-0.376666914 2.44560658516765
-2.9125994 -0.425885566441548
-4.465242964 -0.157608057725584
-7.57043391 -0.392379178208472
-2.2195747 -0.197374661330981
-3.48059056 -0.416371215616002
-1.69754296 0.207605692048472
-3.51449052 -0.41156534035869
-5.201642056 0.0865193355239997
-5.049358943 0.0397099404872963
-6.201274 0.242698101906495
-5.495145628 0.164354069800931
-1.85748249 0.0591040409535572
-0.71222774 1.68645023623456
-8.5251895 -1.79792749132551
-2.5017833 -0.328158769797388
-0.243426503 2.78775600967254
-0.252075365 2.76481847842347
-6.4937442 0.210539823700822
-6.06050943 0.242899780931737
-0.490489909 2.17197153561365
-8.9335168 -2.71929393782058
-0.652398834 1.81140121451404
-6.538379 0.201490651615481
-4.66939394 -0.0875780762689695
-4.612057006 -0.10732127967512
-2.8528205 -0.417806415772076
-5.942094998 0.23625850310132
-8.47211858 -1.69340864415438
-6.5976723 0.187647065094261
-3.7334515 -0.371377685832515
-9.42627321 -4.12931811797813
-1.4833236 0.443364802059543
-7.87354654 -0.735801194652936
-4.6053797 -0.109619819349602
-8.63512413 -2.02530535448372
-6.751348595 0.141650739698315
-3.78923706 -0.358851957596
-7.4401775 -0.271009745009806
-3.65124201 -0.388224073166639
-5.14327893 0.0689983637617315
-0.618230833 1.88474526181468
-1.424984629 0.515238148375151
-6.2911646 0.237593217967238
-6.8579817 0.100695295935537
-1.7146564 0.190621349644445
-5.48158486 0.161202139453687
-6.841215877 0.107644351587844
-9.02191462 -2.94732336384014
-9.35099463 -3.89146141835958
-3.10542633 -0.439213735268125
-3.31949396 -0.433346543020778
-0.954533522 1.22437694343031
-6.98306729 0.0426351191757242
-0.67191295 1.77016245820592
-7.98016982 -0.878109324281564
-2.07621244 -0.108437555471333
-7.75369491 -0.589456644252397
-9.69243428 -5.0387846564908
-1.37965958 0.573421711120406
-3.14892494 -0.439690855697745
-0.5792509042 1.97020047913109
-3.24146239 -0.437822692992325
-1.56879851 0.344070296608003
-6.38105815 0.228341143974745
-6.0763411 0.243329789435968
-4.323126 -0.205184340687148
-9.04847866 -3.01791690173042
-8.0621592 -0.995545260360512
-4.119336 -0.269716886137977
-2.4849583 -0.321913600227198
-1.3276121 0.642803243079385
-6.2820426 0.238296533530498
-2.0118545 -0.0632430715826572
-9.416856074 -4.0991044022323
-3.7656429 -0.36425308987817
-6.433585933 0.220925205501597
-4.12072067 -0.269298084583534
-0.862153579 1.39237491769573
-8.00557817 -0.913748366518085
-6.30916376 0.236079978604836
-3.28591672 -0.435587376295974
-2.3185544 -0.249705180123514
-4.7775172 -0.0504774221743123
-1.71924981 0.186107962684658
-4.729038053 -0.0670736649140613
-4.98245174 0.0181450754765953
-5.800266801 0.220879432609159
-6.3770171 0.228849239924809
-8.76571089 -2.31492880091065
-7.0183847 0.0242058076997367
-7.2332351 -0.108271420836523
-2.297746443 -0.239300627775581
-2.2181869 -0.19658926929851
-8.56212719 -1.87267752116942
-4.8447384 -0.0276393823809462
-4.02759514 -0.296734062488837
-4.941569759 0.00472767504657057
-6.13900366 0.243921890264836
-5.739018 0.211943002331546
-9.88240265 -5.75558218895721
-0.806682296 1.49804978217081
-9.20560306 -3.45543737319007
-4.9262574 -0.000339336909761734
-1.7982838 0.111423953795584
-4.01604581 -0.300026824964868
-5.75846473 0.214922611684628
-4.4068972 -0.177323442377617
-2.109055 -0.130224316666693
-8.32284742 -1.41726503888847
-0.295482699 2.65123460925671
-5.264969 0.104855480966283
-0.70256794 1.70632702613674
-0.990607296 1.16144113497712
-2.49117812 -0.324244298001722
-3.23431227 -0.438102797674331
-3.51986554 -0.410766134686834
-9.2675313 -3.63743581821905
-5.764415 0.215808141385887
-4.6917563 -0.0798829472287181
-0.572952376 1.98418807656032
-2.877754406 -0.421413598654774
-2.75509424 -0.400295863278614
-5.298713822 0.114312918363155
-8.79717744 -2.38795993288569
-2.1690232 -0.167825209810254
-5.618426029 0.190669754593833
-5.685440201 0.203072449558018
-9.72502121 -5.1576580652107
-8.53438157 -1.81637472086715
-5.77404842 0.21721553890873
-2.3286282 -0.254630010425047
-9.952335546 -6.03414785405001
-3.964043084 -0.314525990695923
-0.944227394 1.24263045422931
-2.9333846 -0.428242056514938
-7.3746284 -0.215560419705149
-1.4892378 0.436265897686722
-6.6639448 0.169639422357516
-4.2171573 -0.239416383848549
-5.672268697 0.200747019278163
-9.48404676 -4.31757391661025
-2.7019671 -0.388448792027611
-4.51829585 -0.139519551180058
-2.487780144 -0.32297420975423
-9.49228835 -4.34483732866603
-2.85033787 -0.417428440159754
-7.02305543 0.0216997986184957
-7.1652279 -0.0624602144567596
-1.70122872 0.203925169084726
-9.13604624 -3.25750376440552
-9.57342881 -4.61874744690373
-6.51259191 0.206860284655498
-4.576639898 -0.119506408589798
-3.90539136 -0.330195711718245
-7.286279015 -0.146585444671427
-7.94769068 -0.83352753603922
-6.1836785 0.243231381286328
-5.274418846 0.107526749237053
-1.644820501 0.261620069622737
-8.78528503 -2.36020884211074
-3.24191875 -0.437804060013985
-5.0331478 0.0345337191488087
-0.977622522 1.18392419545103
-4.487360331 -0.150082948962273
-8.7143532 -2.19845444834459
-5.57990214 0.182915585630795
-8.07702303 -1.0175956771099
-5.65099377 0.196873652015874
-7.7486659 -0.583623566742755
-0.389037178 2.4150450333227
-5.51572534 0.169043760520573
-2.2285501 -0.202419140594427
-8.41780225 -1.58990975334186
-1.3319141 0.63696340643085
-7.93854394 -0.821168605154615
-8.22050316 -1.24273218653449
-8.35108853 -1.46752222651607
-4.34731022 -0.197203847824389
-2.7281897 -0.394505759867824
-1.24081 0.764737199043765
-2.915756162 -0.426258320389515
-5.22536789 0.0934753781441859
-1.79720006 0.112410405900027
-9.833877892 -5.56698054532033
-0.0388889876 3.36043002994322
-3.651051642 -0.388260741668075
-5.715246191 0.208125441889692
-9.71607067 -5.12484082231084
-2.46667299 -0.314911443624033
-7.9136602 -0.78797941424676
-0.005445948 3.45968344032971
-0.927508 1.27250225749311
-2.87534968 -0.421080612353007
-2.69067116 -0.385712381640611
-5.275120788 0.107724473470538
-1.37489313 0.579660797818028
-8.34584877 -1.4581283910821
-3.7957207 -0.357341801315779
-7.07668605 -0.00824066833619952
-5.438582662 0.150892634256298
-9.54360791 -4.51691517180424
-8.2233824 -1.24748141364629
-9.42067932 -4.11135492600761
-0.555897664 2.02231455542174
-6.572565257 0.193766331056025
-4.820494293 -0.0358478992897204
-3.7475466 -0.368293453008532
-7.62735146 -0.450223972826063
-4.83876085 -0.0296599375626965
-1.9345817 -0.00450427249193525
-6.51735265 0.205898245882517
-1.41312547 0.530262321405711
-9.65561238 -4.906468312835
-0.290028541 2.66536626625704
-2.54889863 -0.344651438565993
-7.2674475819 -0.132720832001482
-3.2289389 -0.43829861404584
-6.5205253 0.205249783492963
-0.529794783 2.08138379872978
-6.6137622 0.183524178001329
-9.68286796 -5.00420484998875
-6.46414202 0.215906540475373
-6.128764122 0.243948160126276
-6.43052839 0.221398597242025
-0.400313939 2.38736115638397
-6.16261795 0.24367451694615
-4.5366237 -0.133243640458997
-0.746765241 1.61631244718763
-0.831404728 1.4505031231343
-7.57267007 -0.394595715061804
-2.82909161 -0.414053114234787
-6.5105396 0.207270939604234
-4.457166492 -0.160349534009781
-2.5702758 -0.351656988855818
-1.80301681 0.107127975566492
-1.303427349 0.675988512523723
-9.64134865 -4.85578152177816
-7.799755965 -0.644025755927302
-6.3302679 0.234091497865526
-6.94303557 0.0624269533483144
-2.72169542 -0.393043954418212
-3.002712337 -0.43446177673722
-0.89939073 1.32346590903897
-1.5439739 0.372181683864746
-2.2145535 -0.194526168961108
-5.9915657 0.239752940771057
-4.23195341 -0.234716737626855
-9.23640553 -3.54527680472058
-1.270251492 0.722498167055364
-0.437142644 2.29811301021656
-4.944689 0.00575720115901479
-0.7563363 1.59713166703501
-8.65486467 -2.06771180876311
-7.61262996 -0.434976601065873
-5.10037377 0.0557744293875597
-5.259399032 0.103272824588405
-5.6500584096 0.196700071436986
-9.60751039 -4.73679896950889
-3.55668984 -0.405022999155434
-2.8443279 -0.416499237331657
-6.4833327 0.212484516793175
-0.53443251 2.0708255010582
-2.56893492 -0.351226235022835
-9.49214079 -4.34434829609616
-0.196352191 2.914397891742
-7.821775474 -0.670846695146032
-9.638039979 -4.84406922738072
-7.39296134 -0.230697049184101
-2.79584214 -0.408260116665024
-7.5210581 -0.344590831215051
-7.65084208 -0.474970783781199
-9.78988157 -5.39926549269816
-7.35379372 -0.198704875387865
-3.0819838 -0.438584227102901
-9.65330608 -4.89825130722142
-9.3721387 -3.95742650188198
-6.022939 0.241438647697686
-5.09971575 0.0555695037955477
-3.68951252 -0.380629357619868
-2.7659568 -0.402513141705885
-9.23234207 -3.53334779213842
-5.78553919 0.218851478700982
-0.262733141 2.73669336641704
-1.86194216 0.0552860832013131
-7.76232277 -0.599521006702059
-5.102576941 0.0564601058008716
-9.88659807 -5.77206822047012
-7.41397703 -0.248402553527399
-5.4540122 0.154645870872869
-2.59023311 -0.357931984224481
-0.093399882 3.20207227651664
-6.677950539 0.16548318358427
-0.55208594 2.03088621967867
-0.381465801 2.4337265882149
-1.007225 1.13294645008235
-5.07284164 0.0471482668778362
-2.1506452 -0.156598412289531
-1.9688095 -0.0311331159609874
-3.22232376 -0.438522298684481
-4.187224213 -0.248835045432266
-6.6933191 0.160779525233524
-9.98685343 -6.17461318414167
-9.34198035 -3.86353790786757
-9.140480826 -3.26992014757054
-9.86890283 -5.70272869384159
-6.6425437 0.175752221909082
-8.80735683 -2.41185877544496
-4.06404554 -0.286177831014364
-9.62687324 -4.80466578500857
-9.90428208 -5.84187375638117
-8.3840387 -1.52732266309934
-1.681010117 0.22426804714307
-2.331572 -0.256055389079735
-7.27219683 -0.136190071457101
-8.11836701 -1.08017349817252
-7.74238165 -0.576368891016763
-9.38029632 -3.98305216158753
-9.40099759 -4.04852178357037
-8.51844129 -1.78444970497618
-9.27012114 -3.64516662193854
-9.57114108 -4.61088713921112
-4.775387276 -0.0512047175454846
-2.1076851 -0.12933259218135
-3.0524665 -0.437412840255808
-9.33423952 -3.83965392218908
-9.820422534 -5.51535799115084
-5.5784157 0.182607588853074
-8.42397916 -1.60150428093528
-2.81139884 -0.411048674480121
-2.96058167 -0.430980019852604
-1.147736951 0.904325381858102
-6.747389847 0.143025239487637
-0.291184333 2.66236826793291
-0.151797337 3.03707934050035
-9.60815282 -4.73904139271529
-1.064287119 1.03746468911048
-1.776008 0.131908989556278
-2.75755307 -0.400803797630151
-7.11079862 -0.0284150470669964
-4.98051395 0.0175129494145994
-5.71652998 0.208336470397699
-3.8998398 -0.331639226939109
-0.738868259 1.63222172361778
-7.598767422 -0.420801918939876
-7.28118166 -0.142803824912992
-2.64996353 -0.375206906706638
-2.4845412 -0.321756378281846
-0.694080791 1.72388506608932
-5.37269725 0.134214901718424
-1.3930882327 0.555967790424289
-6.879635804 0.0914332083070235
-7.9196098 -0.795857331853977
-0.79172532 1.52716842313109
-9.47263115 -4.27997961169537
-5.88844568 0.231350530482723
-5.43658784 0.150403054365617
-5.84139752 0.226125566927747
-3.29646548 -0.434933916155219
-2.43095919 -0.300582498039866
-0.883486855 1.3526986633984
-1.8004791 0.109428904040506
-9.06350147 -3.05826735724209
-8.22093918 -1.24345079667433
-3.57785419 -0.401514742403309
-1.257170061 0.741153301157299
-4.07686649 -0.282407566641236
-7.375678 -0.216419297500284
-1.162477359 0.881598233887582
-8.12310653 -1.08746481884163
-5.11133017 0.0591773755889733
-9.90179512 -5.83202590257001
-6.395659 0.226431532470992
-5.57838309 0.182600824690963
-8.74270778 -2.26234433387548
-3.75635452 -0.366338130416585
-6.9756866 0.0463713102125034
-7.603627718 -0.425751496728068
-6.4137023 0.223910884523942
-1.070895874872 1.02664111048655
-0.093727349 3.2011336967067
-2.67578802 -0.38198894355371
-0.072119117 3.26339208018049
-4.60210637 -0.110746436031656
-5.66198238 0.198892217469627
-0.353263258 2.50398181295381
-8.5168035 -1.78118692776039
-9.33506944 -3.84221041750104
-9.757485119 -5.27775118332639
-3.8757675 -0.337815870731742
-3.03391251 -0.436457126901644
-1.9885811 -0.0460714146575028
-8.62269716 -1.99885814106719
-8.40215177 -1.56073297149602
-0.11166407 3.14995486109519
-6.01354304 0.240977743333564
-8.1208818 -1.08403924808948
-5.22271758 0.0927033565444928
-4.55765977 -0.126027249522037
-6.71842019 0.152772515075652
-0.000694063 3.47391664671671
-4.72218164 -0.0694269695014356
-8.66265491 -2.08458039257107
-5.61459932 0.189919408543002
-3.7920606 -0.358195664534849
-7.97087587 -0.865240815920163
-8.6583022 -2.0751459162368
-2.23166 -0.204152920949721
-3.6405015 -0.390275438218643
-7.178637033 -0.0712025509150074
-8.087405439 -1.03313785042228
-7.3446328 -0.191409604986362
8.0234954133 2.11203093460473
4.79495186 1.56709167850616
1.7740156315 0.619624711295515
3.9713334455 1.3833462716556
8.1422699266 2.12899974789514
9.413570764 2.30242015212821
1.733499339 0.597496293870165
3.5494079 1.27588155488189
7.05040041 1.96683451211192
9.5924091991 2.32576752918102
4.2780140996 1.45526243522647
1.35915317 0.361930168017238
8.1374123925 2.12830865201195
8.0684496043 2.1184707332549
9.0811035479 2.25838453273164
7.0360188698 1.96459619572862
4.587965197 1.52358292582778
0.816244133 -0.150747782823125
7.3074397211 2.00635108482761
9.3268151534 2.29101028214632
0.359482921 -1.03653192606141
1.07039442 0.125287890533947
3.963889277 1.38154094163882
1.522837432 0.472656816633709
1.1311222752 0.18048765646563
2.861522019 1.0720700411372
5.8100972184 1.76109979920874
1.416283848 0.402157950613038
4.944173397 1.59751684962451
3.6028439714 1.29011404579479
4.070264308 1.40705957108263
2.811819864 1.05556050794554
4.25313429441 1.44959777940652
4.6350158983 1.53361304649795
8.2926965458 2.15028291308818
3.5909425257 1.28696100817703
4.3879904574 1.47996931162969
0.072597151 -2.92608262666493
9.6814791066 2.33731118689856
3.3749808254 1.22800269194629
0.284441991 -1.30239088103367
3.56542730005 1.28016882198335
6.4031455316 1.86292040828209
2.86633577 1.07365400506399
9.8276520497 2.356137850984
0.8230133377 -0.142214526496858
1.2803081 0.303257473597156
2.6355098118 0.994568789379571
2.1294162748 0.793369685807306
9.464028296 2.30903071467822
3.45473791 1.25017402014895
4.05422623 1.40324996309629
5.3654135158 1.6796310600381
2.758286877 1.03745306318973
4.056714088 1.40384178149745
4.3550918833 1.47263429782329
3.22054158 1.18363478936335
0.034356892 -3.83270972799658
9.729690738 2.34353669510304
1.129125899 0.178725638002916
5.4857219522 1.70216057267906
8.7229738035 2.20996021153856
8.6259456002 2.19665146691858
6.10543699702 1.81269054665118
0.01478096 -4.83366371280574
3.2402595528 1.18941013112054
8.704432805 2.20742350088916
5.0683445879 1.62227734976855
9.0523995086 2.25454233962586
9.86314764944 2.36068798732188
3.1468706554 1.16175460316281
0.128363075 -2.23770649968614
4.110444807 1.41654649806041
7.7408092585 2.07103090404793
9.5231883786 2.31675793550218
7.2636577463 1.99968394502652
5.1643915916 1.64110180202891
7.3395483056 2.01122445720792
8.5040566371 2.17981247778106
8.1838621618 2.13490729921077
7.2161400644 1.99241881779712
4.4147176737 1.48589409644245
4.3711036839 1.47621012264803
8.3593526505 2.15964190047798
3.851106544 1.35381440113059
6.744154326 1.9185048922772
0.77818545 -0.200236490508061
8.2897671451 2.14987060599957
0.162454729 -1.95666576175334
1.1269323 0.176785571697529
4.910245127 1.59066490040881
6.8298705271 1.93217616722022
6.063317593 1.80544485592331
8.9725965796 2.24382532921746
3.074928908 1.1399094717374
5.4246555478 1.69077272635256
7.3591676959 2.01419559279564
1.56152101 0.496930876609348
6.8245154083 1.93132542000203
8.807794903 2.22152693916595
3.6668013 1.30689667265004
0.330144132 -1.13260744506103
5.1978005305 1.64758516105793
1.1271439748 0.176972963459733
9.0238527813 2.25071463610166
2.199716686 0.824100401318518
6.2347650132 1.83471830641054
3.6313971737 1.29763987707548
7.8859985433 2.09219946102141
9.536392746 2.318479204255
6.8653729581 1.9378051137234
0.10991663 -2.4241691884975
9.5778679335 2.32387768908127
4.9810330895 1.60491819764302
5.40793451 1.68763748013504
0.59833055 -0.477348049345551
1.6112687974 0.527205923701658
7.5799369881 2.04729043339263
3.22599776 1.18523624452077
6.184480451 1.82619247614664
5.9392817923 1.78389481287387
0.4812483373 -0.712914413852964
3.93811998656 1.37526820765777
3.1159811886 1.15243438731619
4.3268042174 1.46628952644119
3.5949100647 1.28801318792094
7.4693284276 2.03078604429182
9.5245621539 2.31693707335955
2.19007093 0.819944942062705
8.2673703506 2.14671550089277
0.274756415 -1.34215335799585
9.4768455 2.3107069793968
9.78273666463 2.35036820482033
8.1356647005 2.12805994322362
6.6829518787 1.90867195856296
2.9770418675 1.10938061126123
8.531797525 2.18365686232639
8.4625032055 2.17404052592867
3.77476619 1.33463201444238
8.676358447 2.20357670522999
5.3729354054 1.68105091946897
5.77537083 1.75490891325899
0.156519564 -2.00088413703202
9.1126248915 2.26259626653267
6.398257499 1.86210904872274
5.540489319 1.71229209920224
6.8005936243 1.92751961576866
9.3996182386 2.300588910771
1.82285688 0.645591185204637
4.4476588629 1.49315477166944
2.982813676 1.11120752919824
4.5197215257 1.50888176945506
9.1045734705 2.26152122376072
7.7405811613 2.07099745841174
6.806202929 1.92841282091943
6.2978654447 1.84534876963349
4.0009350934 1.39049568783625
0.545396546 -0.576902720210072
6.4397479011 1.8689823970994
2.19813041 0.823418325367669
0.89037283 -0.0613253474331827
1.307512 0.323939278386909
8.79388509085 2.21963437307741
6.52040252229 1.88225673391493
0.281480583 -1.31439185894318
1.310630678 0.326279992381714
1.5759514202 0.505819244089082
4.7347612865 1.5546013359331
7.5069788075 2.03642102693827
8.40283919125 2.1657244998087
8.7540556094 2.2142059601093
0.110687566 -2.41574963142389
0.415691805 -0.874256540039092
2.1135891415 0.786305140672937
7.261828512 1.99940483121878
7.941190449 2.10018460546387
6.33692966 1.85189247784147
1.4976051892 0.456459444033243
4.8592783464 1.58029993807482
7.4894312792 2.03379696226133
2.656033502 1.00187450419904
7.58678108453 2.04830673563558
1.96006852 0.714750820333407
3.774320008 1.33451887851791
5.6031892006 1.72379860947315
4.5264147268 1.51033179645816
8.861630873 2.22883628382179
5.8878663112 1.7748662103705
0.682992786 -0.336815261941148
1.30542241 0.32236750821513
1.4677306334 0.436893356720958
8.6031669517 2.19351487514517
9.4927601539 2.31278668468065
8.9644329552 2.24272608020497
1.13651731 0.185232207402159
7.9338595201 2.09912589356848
0.043177721 -3.55660568726686
6.9813990965 1.95606793105689
5.0696648471 1.62253801216903
2.6944410311 1.01539578279042
6.3464980851 1.85349099860197
9.9765660241 2.37517167869333
5.0507434387 1.61879715417103
9.33232999 2.29173724580492
1.91208887 0.691169038366198
4.8476254451 1.57791779178346
6.3412564806 1.85261553390349
2.02303132 0.744787029342419
4.2960191 1.45934422918438
6.70688453828 1.91252422805834
8.2158786198 2.13944276827746
3.586911933 1.28589101370191
6.1827155598 1.82589234616107
3.4706960222 1.25455281690246
7.559665651 2.04427693281082
5.654269047 1.73310135658697
6.275880329 1.84165349457946
3.922145569 1.37136143046084
6.5838188841 1.89261503396338
6.8310624733 1.93236546672053
7.7632555551 2.07431924170439
7.6765642268 2.06158678141175
0.11093436 -2.41306707722251
2.3081328999 0.869548711915527
6.9771443726 1.9554017714897
9.0394879016 2.25281189387223
0.88952073 -0.0623056088733662
6.6270021651 1.89962961152743
6.41757260542 1.86531264119014
9.3388468748 2.29259600555507
9.0570346661 2.25516322792208
0.2825997374 -1.3098406274835
3.26966211 1.19796042643031
8.663508722 2.2018136850574
2.0949795097 0.777927476689968
4.89857292966 1.58829884893225
4.6562649216 1.53811522591131
5.320635552 1.67114674097219
9.4356501707 2.30531511354891
5.3625835804 1.67909647484005
5.4024756886 1.68661232770749
6.3881783653 1.86043466405062
5.5912937084 1.72162305832047
0.6112795 -0.454475441983185
2.92383593274 1.09237528668223
4.8362484388 1.57558756609558
2.9886225657 1.11304271815733
5.3375536995 1.67435875867393
4.4438073644 1.49230819873685
7.9267228557 2.09809467282247
0.559837715 -0.548716916766679
3.650290111 1.30258983835951
8.9141795155 2.23594723780229
5.192399586 1.6465392659461
3.6864099 1.31198855710426
4.1756269102 1.43176598751113
0.226960622 -1.56329553197389
5.9048856003 1.77786114750931
4.9303546291 1.59473066861675
1.029071107 0.0857045782863466
4.0479038725 1.40174454903624
0.52468776 -0.618792978768177
0.365673368 -1.01734985516788
2.3109614686 0.870704725686124
9.7980273026 2.35233389017606
0.462939788 -0.755423849305238
1.319506443 0.332908327041245
9.2844044556 2.28541207684272
0.87940061 -0.0740282742072793
9.4258554046 2.30403130414953
6.74114161 1.91802226965447
0.038287381 -3.70200271954056
8.49251258186 2.17821057629332
5.15590843 1.63945032147242
4.2234981525 1.44281288904646
8.5961175686 2.19254323392994
5.89908806 1.77684164413164
0.63867842 -0.40779926411934
1.351874226 0.356672082969737
4.1111476812 1.41671173015563
8.3028127579 2.15170609911191
3.8713270286 1.35883817373268
6.2279525934 1.83356610184936
6.0527244489 1.80361687119175
5.4022703599 1.68657375203172
5.843694913 1.76706361238348
7.7280472894 2.06915870434963
6.9821955659 1.95619260419109
8.4109317953 2.16685443654451
9.7751217242 2.3493886825476
2.319270458 0.874092135191276
8.57306067 2.18936206989754
6.8470452073 1.93490165203107
3.0019149486 1.11722914879994
1.612214315 0.527771491084813
7.6723437104 2.06096466472695
9.8711163341 2.36170834026359
8.5809743148 2.19045446178743
6.7606980749 1.92115254664849
8.1171457259 2.12542262690884
4.8571476317 1.57986471208015
4.60572879295 1.52737969744079
3.119103338 1.15338044348177
0.205816389 -1.67755436645829
4.1271494468 1.42046678979995
9.7999988449 2.35258722755982
1.354027751 0.358230950701952
7.306759369 2.00624767537307
5.2530405716 1.65823399418552
9.6159941633 2.3288295681793
7.2023034188 1.99029752859214
9.1061638621 2.26173361692378
3.0385016323 1.12865995242782
6.2866796413 1.84346978446428
2.0823744265 0.772208538000143
8.5049870284 2.17994152878616
0.516226533 -0.636436326965274
7.6327592344 2.05511951816963
7.152899331 1.98270195592418
7.6775719318 2.06173528904584
6.307284566 1.84692917484423
8.165235396 2.1322638336468
4.163177867 1.42887525907709
9.3772162706 2.29764569623894
2.907832725 1.08720132518617
1.14016148 0.188422926096287
6.0193589655 1.79784415559459
0.2536745858 -1.43417018257794
0.845331076 -0.114623605847513
3.33610649 1.21701785644838
0.70408669 -0.304800517377124
7.0507984771 1.96689642418194
0.7419950398 -0.249856377074067
3.2501377933 1.19229090847981
3.589419208 1.28655674531508
3.88332616 1.36180828393816
7.8544337116 2.08761753723826
6.0434823972 1.80202015756613
7.6258975313 2.05410440269119
2.35860442 0.889960225045414
2.8598467679 1.07151818581033
3.17556669 1.17033484315014
9.2190670827 2.27676082912251
4.5043682237 1.50554879728369
1.259479 0.287092650035298
1.4398609218 0.418244698340814
3.11070655006 1.15083402622444
9.7528892313 2.3465266473484
2.3176327371 0.873425458781938
0.3820283 -0.968325896901703
5.632569862 1.72915718595191
8.1846295855 2.13501613436381
0.399563447 -0.918244394467976
0.301193404 -1.23694603999316
8.8195783784 2.22312889939231
0.962230737 0.0177909425750613
8.8629000913 2.22900830971558
8.7995914625 2.22041098167696
8.3587610209 2.15955902174817
5.5724372901 1.71816728990633
4.67326634 1.54170523202578
7.6411396893 2.05635855334319
8.7621328467 2.21530792701213
7.0195243135 1.96202533394786
6.8679866543 1.93821875323074
6.36870401678 1.85719430153934
8.31182508 2.15297313861448
3.6510155024 1.30277942467266
5.7055697869 1.74238135175253
6.3015224202 1.8459625587917
6.1495260032 1.82023691235777
0.368189697 -1.00965343505361
0.172858156 -1.88309633093094
0.6801186 -0.341262290860605
2.9527199151 1.10164406615567
1.267040381 0.292994597322405
8.4471472515 2.17190341917797
5.82892629 1.76444519374049
5.40331788593 1.68677054191851
5.644098795 1.73125416428613
1.1147763 0.165958271931686
5.032651964 1.61520996245527
1.689364 0.572750042596688
3.3043641829 1.20795870765056
2.891746468 1.08197235208388
8.718617123 2.20936441792243
9.8307592235 2.35653648877742
4.4973988016 1.5040326966521
4.287372312 1.4573858065978
2.9871173482 1.11256751123618
2.595493316 0.980158736324071
7.9335058596 2.09907480409019
0.18193165 -1.82263531935213
0.345779112 -1.08030464473017
0.28594020986 -1.29637055325487
5.6842501601 1.73853234002797
8.8919350062 2.23293990643516
5.5485696136 1.71378046533728
1.97323454 0.7211150751302
7.92430558009 2.09774525937407
9.47512933518 2.31048260414242
0.712402206 -0.292471305682554
3.7103899521 1.31818223782177
6.6976512712 1.91103911489418
0.099983566 -2.53842085693059
7.4989388138 2.03521919909528
9.8584624193 2.36008787029996
2.7390965772 1.03087707173528
1.3951965235 0.387519932470603
9.7640424338 2.34796283884803
3.063016319 1.13624483073906
5.6942411349 1.74033742988205
5.382075272 1.68277414016892
9.6145927417 2.32864773021112
4.5217612222 1.50932384321327
3.7867098022 1.33765602079086
0.644230844 -0.398610751551061
6.7102567339 1.91306628117472
0.654471057 -0.3818925775306
2.01968907 0.743217552252133
9.1858324501 2.27234768498828
9.56885280087 2.32270529883519
2.39341633 0.90377911558376
4.0693932888 1.40685301137391
7.9614728805 2.10311068767552
8.806285962 2.22132171322613
9.5615916862 2.321760595839
6.2719422 1.84099061140837
2.179408029 0.815329081882496
5.2559777628 1.65879776056883
2.398145943 0.905640678182039
9.4064981117 2.30149205934754
0.231360632 -1.54094502411169
6.347123296 1.85359538906508
9.7127534286 2.34135141064293
1.0732453688 0.127956103454977
2.247625698 0.844463516089334
1.462227418 0.433241738444238
3.5273172636 1.26994009883408
3.33441155962 1.21653618404947
0.86290895 -0.0934563431547133
9.7114906017 2.34118839995321
7.7094365796 2.06642509328366
0.301099128 -1.23730327571057
9.4640752091 2.30903685225475
4.71443838207 1.55035472233048
5.8993875584 1.77689432911824
9.8722024005 2.36184737367327
3.4438837179 1.24718494567125
6.61874795 1.89829122655522
0.475011996 -0.727191517968826
8.8099701562 2.2218227536429
9.3198000546 2.29008522493216
9.549137454 2.32013937619664
7.5537035707 2.04338966604556
8.2855475321 2.14927655540454
4.8365692188 1.57565332874582
7.254218636 1.99824319551728
8.8577184756 2.22830592404461
0.62430157 -0.432008443041411
9.0294478391 2.25146537080823
0.28252076 -1.31016116578382
3.2196285529 1.18336655291189
1.28149377 0.304168914676474
1.1014191387 0.153909434827582
5.1334223989 1.63506244457199
8.3229316095 2.15453350704219
4.4570896681 1.49522508928754
7.5591149181 2.04419499189501
8.997295247 2.24714773139648
3.0804722732 1.14161010003824
5.568540231 1.71745198823986
9.9919467885 2.37712942479239
2.0209424523 0.743806444606165
0.053999614 -3.28540787693816
3.0408637248 1.12939335652165
4.9675341485 1.60221274358099
0.283771625 -1.30509569436012
8.7260266975 2.21037760799533
9.3407864565 2.29285153178816
9.3087594117 2.28862858402178
0.4652877431 -0.749869965482873
8.354293555 2.15893308516559
8.3588953572 2.15957784061344
5.5896683293 1.72132552479174
8.8115051831 2.2220314788368
7.849173313 2.08685286190236
9.044057345 2.25342445552749
7.11434805 1.97675139080566
5.75503982836 1.75127162456765
4.890725871 1.58670562992488
2.04282114 0.75402450075569
1.902229567 0.686245538142416
8.3838461851 2.16307012427046
8.8805390545 2.23139763396975
5.677782637 1.73736257909641
3.6270047 1.29648567533923
2.31114051 0.870777849439236
3.84228762 1.35161595018202
5.724399948 1.74577203785786
5.9991913 1.79434367240434
7.9445460927 2.10066902244401
5.0458692992 1.61783171170543
5.4015195555 1.6864326867497
0.240896218 -1.49402523661658
7.7722916938 2.07564138122609
3.34934893 1.22077324710887
4.684780922 1.54413053050254
7.2983120172 2.0049632178264
7.447189858 2.02746434580411
8.9080380043 2.23511735327615
3.006323669 1.11861370097787
1.01898519 0.0757755493524073
1.90689533 0.68857887747393
2.5766668026 0.973301811766547
2.7262453804 1.02644768219336
0.07279515 -2.92277720619975
9.1790635837 2.27144781469413
8.405081662 2.16603766932995
3.77059336286 1.33357346228154
5.0203999225 1.61277479180225
3.321686747 1.21291261840797
7.8553522611 2.08775102999802
7.8162493999 2.08205983283307
2.8665223065 1.07371533225461
3.876158171 1.36003499911334
5.846586986 1.7675757971065
9.9415022344 2.37070289233732
8.3573588589 2.15936258565449
7.2685534274 2.00043073201164
4.0742994984 1.40801600029465
9.5852635265 2.32483903537548
8.0196490092 2.11147893283959
7.0485195051 1.9665419408736
7.43434723 2.02553458123006
0.4116168408 -0.885191963045138
0.558531857 -0.551232436069768
8.9679041411 2.24319354950067
6.21500158 1.83137320299426
7.1561091253 1.98319646682803
0.064597253 -3.0678240173126
1.5081037115 0.463234587384584
3.903376522 1.36675307893921
7.1416187612 1.98096289891669
2.9032559972 1.08571651027283
8.373315508 2.16159691264723
8.09496423229 2.12225904779204
1.8186769424 0.643398194016882
6.154237738 1.82104110106522
0.9817207 0.0381216666247468
2.7517956495 1.03523379331422
7.8014577599 2.07990249675696
4.3754219822 1.47717259719602
2.2197228134 0.832659160855584
5.73065859 1.74689717815512
7.8048659744 2.08039979916011
1.555224312 0.493024477213979
8.4712976706 2.17526346331564
2.48301811 0.93842380701372
8.0209908261 2.11167151638179
1.069903748 0.124827874912441
5.790442836 1.75759925205017
0.62389618 -0.432700007108465
0.9071828681 -0.0421973068697525
2.999514963 1.11647460728376
6.4083015266 1.86377578107501
4.926090657 1.59386968785468
5.5531417997 1.71462192341507
0.58423394 -0.502879118349028
3.429119607 1.24310503099029
6.8005466694 1.92751213676731
4.3438574927 1.47011870067155
2.521214208 0.952807487255484
1.464282702 0.434607258241272
6.2213099352 1.83244175264907
5.7967740506 1.75872782814389
5.566776082 1.71712805626483
0.243488457 -1.48161261089751
3.5418924503 1.27386405108075
3.77888964 1.33567700499628
0.258919151 -1.41053252644399
6.764273399 1.92172416904577
0.550569642 -0.566712280004872
0.432647177 -0.829982611801313
0.055322106 -3.25603561202644
2.067808168 0.765554429989137
9.1340851667 2.26545918466208
3.4109619283 1.23806482229286
3.591745656 1.28717408207
8.6625958397 2.20168837905473
9.7359046619 2.34433793834306
9.8025839542 2.35291936713647
0.7271237228 -0.271030955953442
4.6170590724 1.52979507402357
9.308173083 2.2885512014297
1.301905848 0.319716130787548
8.5906312311 2.19178672110156
5.200187352 1.64804709922103
2.2437865589 0.842848399897562
4.2713241069 1.45374203785714
7.62412854935 2.05384260936074
5.938283042 1.78371997404624
7.1950937062 1.98919117382917
2.8409133641 1.06525901579413
4.4167497218 1.48634330949216
7.51388351 2.03745250894725
9.3409234168 2.29286957428076
0.71413338 -0.289924629830033
3.89918048 1.36572013162539
1.27625434 0.300134262411014
9.78706541 2.35092484491268
1.61171129 0.527470648165526
1.1589897866 0.20473076592409
7.86069729132 2.08852763593842
9.05293547548 2.2546141422491
5.99870102247 1.79425846974932
3.0013665743 1.11705679471926
2.26046127 0.849842751268298
6.384240482 1.85977998906701
2.790248543 1.04830541505162
4.7143047396 1.55032674713384
9.2283561266 2.27799277368226
4.4703962909 1.49813998673456
1.761266991 0.612720848520752
4.6490758168 1.53659392425604
8.6713677062 2.20289213511742
8.2063531083 2.13809446217446
9.4592667347 2.30840768313955
5.1254038861 1.63349407113783
1.0522635 0.108132694427432
9.1291570197 2.26480206423712
9.8970591579 2.36502731111807
5.4518087557 1.69584833909451
4.12231551 1.41933377153009
5.6918772286 1.73991055115701
9.3518036091 2.29430243119492
4.7867457475 1.56539636229566
4.447591023 1.49313986557051
3.3550654002 1.22239005767219
0.619698725 -0.439889936380453
5.823509877 1.76348366462156
1.72415588283 0.592314477535112
8.3962624217 2.1648057517764
2.8132312558 1.05603328400858
7.9213681304 2.09732056940345
7.2911583259 2.00387472687517
8.4037628374 2.16585349630627
4.9480800703 1.59830339152683
9.5842943643 2.32471307680412
0.768314378 -0.21351213284251
6.3946982519 1.86151798217486
8.47690366907 2.17604264144114
5.6187563017 1.72664042402532
5.8387052314 1.76617950509073
9.3976318184 2.30032808059508
3.0440252157 1.13037410366992
4.7445739316 1.55664641134868
8.2945703039 2.15054659630977
1.5667472477 0.500160214950192
9.318320616 2.28989008922319
1.859565651 0.664622897660138
2.928234525 1.093792535709
2.563901597 0.968623739713905
1.105387385 0.157505805945746
0.758171 -0.227352880972369
0.3852644679 -0.958896797011448
9.2193152173 2.27679374620965
7.3441133042 2.01191622361701
2.76294294 1.03904172491943
3.51530309533 1.26669435465065
8.6842391151 2.20465723119742
7.7054926194 2.06584527087787
9.9143909569 2.36724218728517
9.7768068476 2.34960547629787
3.43368733 1.24436902111213
8.9329923922 2.2384874139061
6.4434919506 1.86960113123672
2.9405735014 1.09775714848091
2.8254657937 1.06012172591845
0.551484022 -0.564922049663991
9.98245501425 2.37592143982032
9.6060971985 2.32754511828813
1.40312851 0.393054238928471
9.56602332415 2.32233721577991
8.806996094 2.22141829829729
2.3267054418 0.877112656152661
8.0774123896 2.11975212722244
9.273090125 2.28391628988443
8.2411622419 2.14301715981105
8.5279717948 2.18312710863476
8.4724318585 2.17542112794173
7.87992113 2.09131813023266
7.3005358246 2.00530144937451
2.868083145 1.07422833208182
7.28469291 2.00289037707932
5.4703780473 1.69930831450488
1.85957584 0.664628124385274
3.5312635754 1.27100400557039
6.7437833198 1.91844546668182
8.2069864 2.13818413102447
3.5393721959 1.27318661126591
4.1515343752 1.42616478888158
9.9774563056 2.37528503979944
8.683319292 2.2045311417308
7.68035771 2.0621457728197
5.0653362064 1.62168319572704
7.996912552 2.10821277266768
1.26471027 0.291179998626319
0.132211919 -2.20230887616361
8.5773249901 2.18995078342539
0.92177655 -0.0259078473149614
6.27211139 1.84101909622414
1.6436858242 0.546394428697944
2.5629921839 0.968289570895706
2.7857638057 1.04679010084747
2.178771358 0.815052730560424
2.8501313854 1.06831149910586
1.7007908318 0.57922310674109
7.400958582 2.02050769125147
4.9010322126 1.58879774336495
4.0620927233 1.40512017905179
8.8515494228 2.22746939189695
3.82631018292 1.34762143096165
7.6267217588 2.05422636810385
8.8289081654 2.22439644013092
3.314757156 1.21093382107638
0.174748271 -1.87023045886087
7.8102536988 2.08118566868437
4.707908607 1.54898709136009
0.503344901 -0.663918539156093
8.0604199436 2.11732202988703
7.4988201586 2.03520145635019
8.5874713468 2.19135087965859
9.1580921504 2.26865755292067
4.1845300979 1.43382877405305
8.4811172401 2.1766280922262
3.3228444913 1.2132428419293
1.45493195 0.428377703795476
4.2770355474 1.45504017253093
2.897619258 1.08388464624196
3.3320558699 1.21586635166283
3.892441454 1.36405909970424
3.355606466 1.22254295530308
1.0902903 0.143746488748619
0.87896955 -0.0745309173862978
9.044857209 2.25353166485633
4.2207226459 1.44217536658952
0.30896787 -1.2078949180155
5.9255259274 1.78148486257315
4.40376072656 1.48346888803434
2.8869324224 1.08040196470047
4.2723451578 1.45397421847245
1.3278437 0.339090057965798
4.6888885949 1.54499453518852
0.514836322 -0.639365673944582
4.835348101 1.5754029702278
3.4907318605 1.26002412429079
8.779437604 2.21766688984108
9.5752245537 2.32353398509399
3.2735805329 1.19909440398575
2.8825139324 1.07895834985408
9.745852116 2.3456200496105
2.621728864 0.989631182977959
8.063650657 2.11778428927917
9.9729363666 2.37470945542489
8.5812311922 2.19048991133732
0.251586968 -1.44372526375332
0.38935452 -0.947102633297277
5.5666848202 1.71711129672373
2.1966027 0.822760948210941
7.46814439 2.03060854615376
5.4845194215 1.70193725502622
3.1610183068 1.16599412025543
1.981908408 0.725283414390262
8.8173202099 2.22282199396098
1.6136387 0.528622818846671
7.8971630823 2.0938174477761
9.2175824777 2.27656387419985
5.2126063918 1.6504479715848
0.203643825 -1.68999477141504
1.215352502 0.251852816290203
2.203054314 0.825533866020166
6.2678495887 1.8403014150724
7.1650341246 1.98457072837952
3.7418741476 1.32625923080354
4.3000086722 1.46024669503954
1.8782216636 0.674142268744035
1.7068098206 0.582613942900423
5.6012185476 1.72343843925526
9.520056911 2.31634954729677
7.188280259 1.98814497218252
6.1107857921 1.81360812490922
4.6844997047 1.54407135666831
0.25951432 -1.4078825255399
8.0199469788 2.11152170042139
3.2953413203 1.20536863807197
0.060189084 -3.1536548486479
9.4285026961 2.30437835633198
7.69887712784 2.06487228401912
9.7615937 2.3476475887142
2.840017548 1.06496185297165
7.4825496366 2.03276682959246
6.1276734084 1.81650141474107
5.1280143 1.63400486456551
8.7443723855 2.21288414331082
0.132819041 -2.19682293034962
5.5549566005 1.71495577159108
9.2409657966 2.27966405018597
5.35429883 1.67753020625604
2.2784925042 0.857346312611526
0.042672392 -3.57085925546167
6.74742006463 1.91902788449283
1.117601057 0.168485881372042
1.14785871 0.195125473719948
7.7311737136 2.0696175300469
7.2597095719 1.99908145648706
0.78397578 -0.192535830908113
0.0510848499 -3.35275089606258
4.5525999856 1.51598744818951
9.8902563494 2.36415742653948
6.1944824527 1.82789222884652
2.37372878 0.895989476771518
3.6166464025 1.29375877471078
7.4262232286 2.02431276708626
1.9731733552 0.721085603263461
0.26214233 -1.39625866616895
0.71983972 -0.281578490589908
5.8183258236 1.7625627687995
6.0420706472 1.80177610050816
9.826049041 2.35593216640721
0.28237121 -1.31076839491607
8.6213881894 2.19602429135612
1.77422811 0.619739325404993
6.5962274675 1.89463384891474
4.5558167109 1.51668034138926
3.1579379225 1.16507259341974
1.672137042 0.562901639075662
4.29882332 1.4599786359166
4.352990025 1.47216407163531
9.988133083 2.37664413705467
8.051562039 2.11605405238774
3.36911371 1.22635243537708
5.0721997045 1.62303832533635
2.904895953 1.0862488197584
5.5458832532 1.71328582754066
2.65910958871 1.0029646099903
9.450770453549 2.30729556942933
1.267656311 0.293473645598191
4.5568888937 1.5169112024019
6.5430252673 1.88595976160188
6.12352547 1.8157912920087
5.6894426723 1.73947077636588
0.23632943 -1.5162438693973
8.8338689319 2.22507010561857
5.1226163748 1.63294839782051
6.707300078 1.91259103261548
2.236258322 0.839672963991006
1.02729415 0.0839631145279256
1.1047362 0.156916626238704
3.7589657772 1.33061822123197
8.41916731325 2.16800368659423
5.386203227 1.68355168388591
4.9140687612 1.59143899812541
9.8783133807 2.36262952985997
8.2775258133 2.14814674716845
1.466711654 0.436218348189698
1.8180937948 0.643091819595853
4.072447028 1.40757702691927
0.081483481 -2.78601778073013
7.8629770781 2.08885878041188
5.6471639522 1.7318111413376
2.6526411413 1.00067085101955
8.2721297582 2.14738638879062
3.247155582 1.19142208657806
9.9452993134 2.37118720250128
2.39496344 0.904388467664134
8.1251194491 2.12655861179574
0.36619544 -1.01574831959999
8.5552702937 2.1869042160542
0.011619981 -5.11155357260985
2.6903046108 1.01394884613397
4.61208982625 1.52873634155497
6.3790138624 1.8589106273885
0.97352838 0.0296310120796193
3.172765548 1.1695005603362
5.75807736 1.75181565260843
6.63508058292 1.90093839642449
7.913513132 2.09618444613852
1.182938101 0.225055301162001
2.311690594 0.871002477217374
3.50582031 1.26412523873768
4.583359491 1.52259651305712
0.72190977 -0.278568961364272
2.4336907197 0.919512096125217
5.1825450221 1.6446287297384
5.0125443888 1.61121096494178
6.7452978808 1.91868804636945
1.99540129 0.731729449463955
5.2295278338 1.65371207912268
2.4697863915 0.9333886500999
2.6151105016 0.987250609667186
8.0122181796 2.11041207957534
4.0567635418 1.40385354247513
2.66299674 1.00434033835465
0.50201542 -0.666798938996415
8.118524516 2.12561910475027
4.1193331102 1.41863415450652
5.8945145527 1.77603687263036
0.379020404 -0.977168330257662
2.8736703447 1.07606242897081
4.9383024312 1.59633389279442
2.91815681 1.09054235913625
9.60031080758 2.32679383016981
6.2948783999 1.84484723667887
7.5934791308 2.04930080057571
2.255824664 0.84790325971359
9.3069928255 2.28839542534494
8.7801841692 2.21776860243443
9.1195428138 2.26351955234504
3.903612166177 1.36681105857454
3.707159101 1.31734988064088
2.922251061 1.0918641222343
6.41883824951 1.86552232672203
3.8999733305 1.36591538489289
0.338 -1.10599949471232
5.8398018614 1.76637386129086
8.1427959003 2.12907456517713
5.7228089822 1.74548587832467
2.3603197466 0.89064602215241
1.136313497 0.185053421345259
8.2652185903 2.14641211415739
9.3997301883 2.30060360964572
0.30661622 -1.21659833798755
0.41125382 -0.886171892196167
8.7430975493 2.21271005989887
3.5222026705 1.26855959239381
3.0748526076 1.13988604321636
8.7118188617 2.20843439564197
9.2305116029 2.27827854542554
4.902528095 1.58910110203114
4.922849605 1.593214854276
1.850234973 0.659823619139274
2.6171284564 0.987977092693825
3.482472246 1.257772159345
6.90853481413 1.94462252730506
1.403723098 0.393467714848597
4.7677604318 1.56146504874128
8.3261981 2.15499219027525
2.6558638 1.00181432831812
7.7523473347 2.0727219347698
1.854949241 0.662251640503399
3.9023352786 1.36649684640774
9.92025062 2.36799056660317
1.4679592498 0.437044730232039
1.711457665 0.585223544777648
1.326642746 0.33820223187103
7.1197082917 1.97758001487806
9.1185174998 2.26338273487018
4.1628184355 1.42879168605154
7.8483547503 2.08673384406964
1.543734867 0.485852106559413
0.122919178 -2.28969703050166
0.82235444802 -0.143041689967852
5.1909300312 1.64625453876599
0.682925025 -0.336919864684475
8.1059233 2.1238226960084
0.7985544 -0.173424029060662
1.54718979 0.488014946145832
0.6729615 -0.352427197632622
4.3704982451 1.47607511616941
7.5368945929 2.04088583575428
0.121625945 -2.30239779907149
4.0642085671 1.40562266764958
4.1165281063 1.41797574848539
9.7720352932 2.34899155888208
2.2140681813 0.830248215323351
7.3671110696 2.01539710086169
8.23753194883 2.14250433279565
9.503439357 2.31418120602414
0.98523869 0.0417436648604621
6.9241895037 1.94708822404019
2.84226387 1.06570683535514
8.010750343 2.11020127079142
8.3179471478 2.15383338391824
6.7983855842 1.92716788065908
4.160394321 1.42822788079123
3.4382174909 1.24562107044146
2.968746765 1.10674896707172
8.2213360536 2.14021483888973
5.0087985605 1.61046458309227
4.9678630125 1.60227872426812
3.64361931 1.30084476216585
8.49381481 2.17839134103515
3.1353257619 1.15828149240855
2.1210839482 0.789657365818741
5.8579345862 1.76958366018357
8.42366850702 2.16863154634832
1.2538390792 0.282665018484217
3.77530383 1.33476832485661
6.716037122 1.9139950051984
